PRINCIPAL COMPONENT ANALYSIS REPORT
Report Date  ==>   27-Nov-2019File Name    ==>   Quality of Life US.txtNumber of Variables   ==>   9PCA performed using   ==>   CorrelationVariable Names ==>  climate                           housing                           health                            crime                             transportation                    education                         arts                              recreation                        economics     Variance Explained by each Components 3.408289
 1.213976
 1.141480
 0.920917
 0.753285
 0.630562
 0.493047
 0.318039
 0.120402
Component Coefficients 0.206414 -0.217839 0.689955 -0.137321 -0.369150 0.374605 -0.084705 -0.362308 -0.001391
 0.356522 -0.250624 0.208171 -0.511829 0.233488 -0.141640 -0.230639 0.613855 -0.013601
 0.460214 0.299466 0.007326 -0.014702 -0.103241 -0.373848 0.013867 -0.185676 0.716355
 0.281299 -0.355342 -0.185107 0.539050 -0.523940 0.080923 0.018607 0.430024 0.058608
 0.351151 0.179605 -0.146376 0.302904 0.404349 0.467593 -0.583390 -0.093598 -0.003630
 0.275292 0.483383 -0.229700 -0.335411 -0.208819 0.502170 0.426183 0.188668 -0.110840
 0.463055 0.194790 0.026485 0.101080 -0.105098 -0.461880 -0.021526 -0.203990 -0.685758
 0.327888 -0.384475 0.050850 0.189800 0.529541 0.089914 0.627878 -0.150596 0.025507
 0.135412 -0.471279 -0.607317 -0.421771 -0.159620 0.032608 -0.149741 -0.404809 -0.000438
Selected number of Component Coefficients ==>  2With 2 Components 51.3585 percent of variance is explainedSelected Component Coefficients 0.206414 -0.217839
 0.356522 -0.250624
 0.460214 0.299466
 0.281299 -0.355342
 0.351151 0.179605
 0.275292 0.483383
 0.463055 0.194790
 0.327888 -0.384475
 0.135412 -0.471279
Component Scores -1.040180 -0.893760 -1.436659 -0.509836 -0.565136 0.497856 -0.423751 -1.001777 -0.347405
 0.439814 -0.075073 1.154716 1.112207 0.996884 -0.628547 -0.011897 -0.418746 0.121686
 -1.875538 -0.069791 -0.073347 0.046232 -0.679525 -0.714096 -0.239495 0.441897 0.094201
 0.910741 1.817586 -1.096140 -0.573579 0.769081 1.271238 -0.458715 -0.371498 -0.317277
 2.149245 -0.328861 -0.019742 1.031501 -0.238550 1.284224 -0.154543 -0.148264 0.307154
 -1.787961 0.781202 -0.060832 -0.464820 -0.823994 0.099226 0.563562 -0.189356 -0.073341
 -1.055448 1.075955 0.425961 -1.320924 -0.334512 0.249832 0.428300 0.101429 -0.489017
 -0.648321 0.759443 -0.408043 -0.231162 -0.024397 0.690350 -0.439334 -0.634448 -0.007942
 -1.804240 1.213471 0.916514 -0.062611 0.496437 0.482764 -0.212305 -0.453446 -0.197794
 -0.499567 -0.102285 -0.372075 0.095467 -0.878372 0.953935 -0.768014 -0.512041 -0.096328
 2.973049 -2.015285 2.357701 -2.016340 0.187740 0.189934 0.076400 0.234856 0.220613
 0.447706 -2.226810 -2.702683 -0.003553 2.066702 -1.086649 -0.405555 1.167620 -0.101733
 -2.325172 0.809694 1.269531 1.083597 -0.479270 -0.544338 -0.142989 0.353584 0.062765
 -1.815471 0.818148 0.855018 0.397391 -1.344733 0.027242 -0.010178 0.157248 0.176065
 1.869942 1.085986 0.510087 -0.589740 -0.285628 -0.441526 1.232556 0.987104 0.128071
 -2.006027 -0.618821 0.737565 1.335312 -0.700251 -0.676701 -0.513739 -0.225272 0.246786
 -1.053952 0.368517 -0.403165 -0.446435 1.182311 -0.388186 0.931536 0.016685 -0.018826
 -0.258106 0.875439 0.891396 -0.406309 -0.036650 1.169330 -0.274192 -1.059347 0.143501
 -1.486789 -0.065274 0.714000 -0.122699 -1.308464 -0.661531 0.212279 -0.223008 -0.431343
 3.025007 0.930977 -0.314039 0.620458 -0.720204 1.082433 -1.933413 -0.960407 0.729412
 1.369139 -3.048970 -1.227105 -0.391707 -1.266964 0.880310 0.465096 0.774348 0.104315
 -1.026999 0.834593 -0.075103 -0.382249 -1.204280 -0.425293 0.314739 -0.265846 0.685437
 -0.495600 -0.662737 0.583353 0.174722 0.938495 -1.484207 -0.837418 0.344389 0.083248
 0.002451 -0.131390 -1.830232 -1.099737 -0.879820 -0.214535 -0.311319 0.131932 -0.710951
 -0.455758 -1.451945 -0.316473 0.799709 -1.082017 0.131728 -0.385959 0.550866 -0.083261
 4.297356 0.968022 -0.823544 1.309211 -0.357123 0.844184 0.373799 0.302791 0.637390
 -0.335279 0.772353 -0.453158 0.218726 1.249516 0.648943 0.026320 -0.204387 -0.197792
 -0.478998 -1.092230 -1.221964 0.729183 -1.035486 -0.577697 -0.210743 0.842495 -0.610779
 -1.122352 0.267723 0.734106 1.475209 0.262509 0.038477 -0.348197 0.158924 0.340052
 -0.982173 -0.633066 -1.119358 0.658554 -0.721505 -0.368001 0.684424 0.278997 -0.109319
 -1.830739 1.081158 2.203484 -0.087513 0.787494 -0.619644 0.162130 -0.024690 0.028454
 -0.076347 -0.841519 2.255078 0.270128 0.603034 1.144643 1.180904 -0.380506 -0.370156
 -1.511881 0.016192 1.228492 1.272747 -0.569615 -0.148121 0.258458 0.729240 0.145728
 2.819650 1.036713 -0.037898 -2.607210 -0.352965 -0.385058 0.749631 1.223033 -0.194055
 -0.035455 0.283557 -0.990565 -0.036511 1.136501 1.203006 -0.418412 0.102979 -0.243601
 -1.373428 -0.848039 0.344935 -0.083769 -0.166039 -0.115729 0.693136 -0.730360 -0.091947
 -0.419611 0.831128 0.069997 -1.093860 0.651607 0.600363 0.055262 -0.504122 -0.074312
 0.267406 0.814981 0.429024 0.786476 -0.736918 0.365526 -0.613320 -0.221451 0.242896
 -1.577585 0.756263 -2.161141 -0.513337 1.975475 -1.179485 -0.197939 0.443799 -0.034350
 -1.282610 0.242357 0.751947 -0.489382 -0.197236 -0.371539 1.369675 -0.201737 -0.229070
 -0.222898 0.401024 -0.533225 -0.351468 0.921668 0.647022 -0.862663 -0.136466 -0.090368
 -0.377734 -0.128579 0.879313 1.081144 0.988806 0.555845 -1.561861 -0.156663 -0.287977
 6.301054 1.608747 -0.362653 -0.276040 -0.173285 -1.153423 0.285879 -0.971970 0.120625
 2.030150 -2.114259 -1.098256 0.260281 2.557875 0.468378 -0.293383 0.006415 -0.094807
 -0.919913 -1.122018 -1.652004 -0.556148 -0.399484 0.056553 -0.535705 0.062287 -0.122849
 -1.446961 -0.323649 -0.616777 -0.744085 0.020206 -0.723165 0.338520 0.275512 -0.294395
 -1.132859 -1.475975 2.115211 -1.248331 -0.614867 0.100253 0.466681 -0.786996 -0.170589
 2.253046 -0.647953 0.133652 -2.218150 -0.692183 -0.928180 -0.061308 0.031531 0.100493
 -0.873193 -0.069578 -0.306029 -1.405842 0.280014 -0.214074 -1.492170 -0.144734 0.191043
 -0.147814 -1.035435 -0.710570 -0.154569 -1.285398 0.125294 -0.628102 0.001048 0.049062
 -1.613061 -1.022606 -0.072297 1.400506 0.968335 -0.290405 1.234429 -0.291858 -0.141909
 -0.738117 -0.828972 -2.318009 -1.327336 -0.759121 -0.412104 0.323067 -0.002398 -0.273686
 1.876471 1.102072 0.162461 0.388953 0.193129 0.012683 0.461048 -0.460364 0.026741
 -2.001244 -0.133477 0.770297 -0.592827 -1.273165 -0.579297 -0.240827 -0.860195 0.350470
 1.619311 0.621192 -1.772302 -0.882773 2.559644 1.186151 0.475104 -0.427729 0.435312
 -1.291003 0.577666 0.635215 -0.149162 0.078671 0.423980 -0.494154 -0.170503 -0.257407
 -0.991952 -0.969703 -0.915626 -0.150076 0.584421 -0.437098 -1.032610 0.672175 -0.070862
 -0.959352 0.520984 -0.234624 0.371050 0.985908 -0.012237 -0.761616 0.106057 0.101116
 0.740168 0.729558 -0.645587 0.344112 0.650348 1.785786 -0.984939 0.352317 -0.345775
 0.985103 -0.063206 -0.181315 0.913800 -0.697823 0.797181 1.174673 0.475868 0.216110
 -0.462648 0.841315 0.476752 -0.298644 -0.228292 0.895025 -1.167605 -0.332601 -0.359809
 0.692940 0.402976 -0.123206 0.600255 -0.937238 1.304436 -0.918078 -0.195046 -0.347058
 1.083025 0.992306 -0.319230 -1.255768 0.097321 1.885868 -0.194458 -0.026731 0.087770
 -1.537911 -0.001309 0.935168 0.902696 -0.434666 -0.447110 -0.358914 -0.222778 -0.214573
 6.464906 3.087140 -0.391654 0.390164 0.513627 -1.786918 0.036656 -0.880531 -0.144606
 -0.365756 0.218419 0.274726 -0.506188 -0.429963 1.083463 0.190437 0.423006 -0.572192
 1.823557 0.650265 0.228366 0.600839 0.366446 -0.132434 -0.004103 -0.687290 -0.302396
 -1.707933 -0.273245 0.620019 0.193730 0.121406 -0.186603 1.177582 -0.413635 -0.030339
 3.590348 0.868537 0.304785 1.304010 1.094234 -0.175700 0.057355 -0.620559 0.015506
 -0.016946 -1.705741 -1.192238 -0.684319 -0.211223 0.056243 0.360031 -0.514779 -0.066195
 -0.395038 -0.112154 0.431883 0.693373 -0.380346 -1.045953 -0.724272 -0.177232 0.742971
 0.641096 0.215994 -0.556573 1.281442 -0.679319 0.744750 -0.661874 0.596391 0.315419
 -1.585037 0.520389 0.307892 0.363754 -0.458991 -0.407265 0.150284 -0.259367 -0.034697
 0.905758 0.466073 0.160998 0.391644 -0.285621 -0.251020 0.284036 -0.080936 -0.062571
 -0.565658 -0.801812 -1.938054 0.498656 -0.271445 -0.085169 0.531615 0.383194 -0.278741
 -1.294852 2.014076 0.449253 -1.126512 -0.273794 1.174709 0.567951 -0.498805 -0.197040
 3.416021 -0.119487 -1.847350 -0.019967 -0.842786 0.224880 -0.222059 -0.469726 0.033779
 1.496120 -0.154170 0.070660 -3.082428 -0.069809 -1.349506 -0.172998 0.272592 0.019364
 -2.238669 1.692094 0.594140 -0.644332 -0.398079 0.251871 -0.084176 -0.374118 -0.134682
 -0.589747 0.507502 -0.264271 0.001211 0.503875 -0.050372 0.463726 0.436148 0.218612
 0.601432 1.135231 0.383380 0.879147 -0.702913 -0.668226 -0.637353 0.110022 0.229376
 0.522571 -2.330584 -0.498563 1.034541 0.693894 0.550422 1.388570 -0.614672 0.221916
 -1.391476 0.613993 0.385680 0.525178 0.057041 -0.111234 -0.212629 0.591466 0.120187
 3.436430 0.044006 -1.578087 0.153143 0.395104 0.746550 -1.206808 -0.075755 0.118549
 -0.137248 0.045353 -0.508681 0.816169 0.652941 -0.057415 -0.696097 0.217701 0.322995
 3.007983 1.400572 0.447839 1.668403 -0.699949 -1.094512 0.834139 0.536873 1.077108
 -2.788849 -0.186576 -0.806056 0.653246 -0.365283 -1.637319 -0.450043 0.156222 0.208437
 -1.626254 0.929820 0.470180 0.128224 1.008644 -0.384740 0.186329 0.627675 -0.001994
 -1.013282 1.220582 -0.918082 1.489816 3.012188 -0.849237 0.985255 0.096704 0.140382
 -0.354497 -0.386395 -0.705601 0.959059 0.282005 1.087214 -1.259539 -0.505560 -0.114790
 -1.723811 1.378539 -1.387199 -0.627799 0.936778 -0.794262 0.569184 0.314077 -0.216292
 -0.779383 -0.540428 0.521918 0.968814 -1.083794 -0.297496 -0.694220 0.251153 -0.407169
 -1.935695 0.897275 0.835995 0.287248 0.468535 -0.130097 -0.644809 -0.215171 0.001371
 -1.350998 0.961196 -0.000202 -0.414236 0.339136 0.164195 0.663686 0.117917 -0.258207
 -1.423390 -1.071280 -1.885755 -1.378289 -0.939523 -0.357158 0.015789 -0.875396 0.025250
 -0.785028 0.731028 1.104867 0.415510 0.699183 0.657303 -1.081850 -0.232869 -0.313694
 0.924569 0.328536 2.442511 0.656117 1.176293 1.761285 1.265762 0.439137 -0.464936
 -0.927742 0.201032 0.214075 0.104188 -0.265817 0.092508 0.275786 -0.236258 -0.105203
 -0.414403 -0.659873 1.288867 0.300120 0.530120 0.142594 -0.580730 -0.138779 0.263463
 -1.200783 1.028129 -2.075365 0.408603 2.396446 -0.950348 -1.337260 0.406070 -0.018057
 -0.743121 0.837268 -0.275667 0.290189 -1.269240 0.878173 -0.408772 0.226128 0.041416
 -1.690978 -0.000596 1.017118 0.382329 0.675752 -0.619479 -0.250565 -0.675498 -0.135661
 -1.811597 0.513294 0.331383 -0.936152 -0.510179 -0.466420 0.029085 0.401003 -0.025572
 -0.434976 -0.122458 0.655242 2.349992 -0.750575 0.144684 -0.673965 1.225772 0.027623
 -2.647105 0.347009 1.128495 -0.174165 -0.416722 -1.130226 0.277376 -0.476424 -0.043800
 -0.454039 0.913657 -0.264739 0.762463 -1.239316 1.188945 -0.435971 0.689499 0.045316
 -0.008925 -2.466265 -0.062478 -0.428501 1.909640 -0.813410 1.643923 -0.536770 0.075451
 1.169235 -2.032875 -0.702218 -0.127877 -0.477243 0.156099 -0.072277 0.502810 0.339850
 0.196715 -1.703056 -1.729805 -0.257396 2.411706 0.083503 1.228295 -0.223958 0.016931
 0.147872 -1.847624 -1.246699 -1.221607 -1.708198 0.755610 1.043888 0.116573 -0.093598
 -1.648197 0.703890 -0.011230 -0.003771 0.144854 0.258716 0.882379 -0.171865 -0.142801
 -1.202826 -0.479661 -0.195297 -1.042732 0.360147 0.126574 0.664263 -0.702140 -0.099696
 -0.543707 1.149590 0.462430 0.778574 0.792324 0.290344 -0.299500 -0.172938 -0.068343
 0.771036 -1.308653 -0.885779 0.607818 -0.293507 -0.308840 -0.087264 -0.444026 -0.449235
 0.438984 -2.110332 0.146423 1.228902 0.367381 -0.062726 0.148893 0.396482 -0.392715
 -2.915406 0.524968 0.965721 0.532431 -0.867003 -1.078032 -0.597456 -0.140625 0.157532
 0.294335 0.357386 -1.509662 0.748458 -1.561334 -0.275232 0.374197 1.135472 0.369599
 0.745019 -1.385819 0.763824 0.174850 -0.528628 0.601082 1.083473 -0.750339 0.468222
 -0.019105 0.695557 0.607340 1.614275 0.967942 -0.248207 -0.630223 0.293086 0.094654
 -2.005779 -0.132497 0.218585 -0.412692 0.443766 -0.393011 0.820952 -0.105889 -0.441648
 -1.359403 1.546359 -2.406900 -0.070344 2.210550 -1.054217 -0.793175 0.491235 0.054357
 -0.421146 0.150862 0.347772 0.373458 0.026894 -0.520448 0.373580 0.124783 0.091821
 -1.193685 0.284760 -0.184962 0.481645 0.899126 -0.158379 0.656980 0.321399 0.055152
 -1.533506 0.149346 -0.113360 -0.706733 -1.274421 -0.660719 0.286304 0.750688 -0.097730
 -0.985858 0.140157 -0.670154 -0.311550 1.168933 -0.884574 0.050158 0.002523 -0.093680
 0.474364 0.843807 0.339216 0.042359 -0.668609 0.533050 0.226049 -0.421859 0.115397
 0.107966 0.809476 0.354460 0.226154 -1.431860 1.072322 0.524359 -0.047319 0.027459
 -1.014265 0.925469 0.791353 -0.478859 0.024583 0.370256 0.438932 0.140849 -0.040230
 -0.654014 0.324429 0.668364 0.085282 -0.120104 -0.337919 0.206479 0.322491 0.094768
 0.777713 1.709423 -0.158747 -0.452311 0.400794 0.905138 -0.430484 -0.483666 0.445554
 2.841496 1.067861 -1.310711 -0.772929 -0.091581 1.489045 -0.511798 1.043230 0.628234
 -1.591833 0.557076 1.022367 -0.271084 -0.971865 -0.092597 -0.121996 -0.195517 0.286896
 2.852694 -1.958797 2.194062 -0.833846 2.249297 -0.164944 -0.593961 0.902531 -0.413618
 -2.295277 -1.905635 -0.161434 -0.518946 1.230986 -2.075030 0.822898 -1.312601 0.161688
 2.542643 0.144374 -2.211677 -0.356228 -1.091543 -0.679606 0.107566 0.291927 -0.333706
 -1.411461 0.678914 1.356672 0.261665 -0.337901 -0.120198 -0.842851 -0.532956 -0.051270
 -1.641162 -1.108673 0.189010 0.031805 -0.959774 -0.818474 -0.686599 -1.028130 0.000963
 0.913948 0.691539 0.174354 1.028316 0.205234 -0.256013 -0.580751 -0.709503 0.337859
 -0.143784 0.722517 -0.125468 -0.617519 -0.078966 -1.266221 0.383892 0.549321 0.983179
 -0.907538 0.400309 0.710275 1.367316 0.516485 0.408419 0.025836 0.439801 0.132295
 0.234195 1.307604 -1.015774 0.420574 -0.207734 0.134351 0.065954 0.482765 0.329742
 0.736185 -0.199452 -1.338697 0.871774 0.566215 0.955810 0.709748 -0.228213 0.142937
 -1.645540 -0.668980 -0.229907 -0.412296 -1.332706 -0.460292 0.318386 -0.587043 0.119736
 -1.519325 0.143705 0.491480 0.539548 0.273112 -0.673079 0.188993 0.422625 0.039988
 0.794695 0.129990 0.577302 1.090114 -1.082649 -0.607240 -1.274866 0.411839 -0.092073
 -0.945219 0.564419 1.244812 -0.650776 -0.023772 0.177813 1.252510 -1.184769 0.056291
 -1.818434 1.404275 0.954612 -0.124892 0.488880 0.116341 -0.621258 -0.436419 -0.033951
 -0.155297 0.713518 0.213678 0.006478 0.553669 -0.053514 -0.205234 0.680764 -0.146056
 -2.144020 0.695569 0.303531 -0.539649 -1.023710 0.164216 0.310718 -0.659322 -0.120693
 0.267514 0.258806 0.055606 0.850010 0.399471 0.715467 0.030030 0.374039 0.065486
 -1.261079 0.189966 -0.472494 -0.126513 -0.555878 0.154526 -0.057013 0.328205 0.017001
 0.300609 0.420624 -0.703929 -0.236159 -0.863806 0.607722 -0.707775 0.104420 0.597868
 1.326161 0.536911 -0.176927 1.576519 -0.430060 0.448932 -0.103069 0.189254 0.229462
 0.189459 0.262510 -0.081143 0.125257 0.522475 0.099085 0.379455 0.206646 -0.220088
 -1.636741 0.858331 -1.681789 -0.957401 -0.510496 0.076253 0.478918 0.169425 -0.405250
 -0.136304 -0.182672 0.848040 -0.077260 0.442747 0.507490 0.467128 -1.357496 -0.192750
 -2.400147 1.630693 1.258004 -0.455310 -0.128880 -0.388133 0.875090 0.357017 -0.128276
 -0.249260 0.853051 -1.339221 -0.090170 1.514288 0.667777 -0.289587 0.311324 -0.227121
 -0.756692 1.258799 0.440225 -0.112127 1.161798 0.476221 0.070199 0.008519 -0.368759
 -0.235148 -2.541835 -2.742911 -0.736999 0.291641 -0.307307 -1.710097 -1.257523 -0.072189
 -1.321322 -1.145507 -0.391058 0.790210 0.090510 -0.559361 -0.221872 -0.133110 -0.174389
 0.567439 -1.086263 0.502148 -1.126658 1.011967 -0.986485 -0.002457 0.874305 -0.009669
 -0.756594 -0.363851 -1.751995 0.965507 0.179335 0.183849 1.419383 1.055869 -0.156844
 -0.767142 1.263411 0.423373 -1.321234 0.159662 0.416448 -0.052408 -0.072759 0.051720
 0.169262 1.050805 -0.101045 0.528747 0.476853 0.158127 -0.439185 0.194232 -0.068201
 -1.785447 0.574200 -0.759998 0.315653 -0.819280 -0.040455 -0.178638 0.526897 -0.081014
 -0.584895 -0.642005 -0.040464 0.875392 -1.251301 -0.055824 0.371139 0.472271 -0.263640
 1.353920 -3.339068 -0.182847 2.319464 0.997168 0.521491 0.042077 0.670176 0.087412
 -0.950459 0.037521 0.483953 0.507213 -0.232940 -0.436938 0.515404 0.419625 -0.348414
 -0.115852 -1.256665 0.000245 -0.718771 0.188209 -0.705060 -0.507620 -0.052354 0.263072
 -1.620932 -1.214669 -0.505134 0.696176 -0.603639 -0.817756 0.300082 -0.354780 -0.029349
 -1.437945 0.337057 0.499165 0.310925 0.281494 -0.338998 0.675762 0.128643 0.074157
 0.509445 -0.094921 0.057217 -0.425730 -0.974625 0.027190 -0.384781 -0.472207 0.400275
 -1.210020 0.500438 0.625605 0.659611 0.150392 -0.064962 -0.213744 0.162987 -0.009522
 -0.140376 0.927011 -0.561760 0.413750 1.099361 0.075800 -0.343089 0.391921 -0.548543
 -0.124099 -0.078857 -0.236023 1.048698 -0.632677 -0.561637 -0.398293 0.237345 0.761385
 -1.514362 -0.385214 -1.080550 -0.703896 -1.232717 -0.043603 -0.159671 -0.288610 -0.083473
 -1.026801 0.892820 1.860915 0.349357 0.568494 -0.510120 0.000396 0.262671 0.045978
 7.246305 -0.477160 2.050958 0.521696 -1.654809 -1.671663 1.348886 -0.145118 -0.119177
 0.983547 0.874939 0.137149 0.330287 -0.206719 0.535217 -0.014039 -0.829015 0.330423
 -0.529882 -0.708600 -0.283138 -0.814461 -0.139053 -0.798276 -1.126577 -0.235752 0.003894
 0.059250 -1.211006 -0.114834 1.285833 -1.249274 0.067710 -0.390405 -0.001015 -0.039350
 -0.781135 0.578970 0.864256 -0.036965 0.130323 0.850571 -0.479346 -0.633619 -0.073581
 -1.698175 0.183994 -0.520381 0.006000 -0.196144 -0.475238 -0.047546 -0.255409 -0.147021
 1.143899 1.252719 -0.975594 -0.194646 1.210928 -0.218311 -0.400356 0.419611 0.291597
 -0.929357 -0.123791 -1.408407 -1.397065 0.418427 -0.225391 -1.334638 0.123221 0.010445
 -1.469106 0.390213 0.590939 0.354914 -0.923301 0.303675 0.347902 0.653404 -0.258610
 -2.571686 0.423685 -1.767259 0.241108 -0.083432 -1.311388 0.465532 0.315324 -0.258171
 -1.104668 0.588132 1.659935 -0.105379 0.115985 0.251468 0.042244 0.700908 -0.520505
 0.202007 -2.323454 -0.366570 -0.553728 0.511836 0.380285 1.905776 -0.538514 -0.001073
 1.198265 0.296225 -0.500424 1.739085 -0.220799 0.314184 -0.488615 0.119593 0.512879
 3.645810 -2.541543 -0.214503 2.354815 -0.658014 0.635033 1.383541 1.127970 0.843224
 2.138279 1.320469 -0.355658 -2.286231 -0.306568 -0.108743 0.264375 0.288763 -0.047183
 0.361535 -0.060503 0.030473 -1.875754 0.398126 0.886579 -0.357620 0.366291 -0.043808
 -0.109813 -3.029980 -2.075838 -1.043327 -0.606680 0.727770 -1.922842 -1.445715 -0.223391
 2.184613 1.046984 -0.041740 -0.038739 1.126268 -0.941376 0.775756 0.045238 0.425026
 2.507245 1.735089 -1.641036 0.116235 0.891348 -1.918590 -0.048837 -0.052590 0.622558
 -0.216976 -0.068915 -0.315888 1.563271 -0.537586 -0.373803 0.945525 0.871930 0.532896
 -1.439366 -0.668049 1.012744 -0.254782 -1.507023 -0.247645 -0.192807 0.641111 -0.155473
 1.924454 -1.083626 0.761148 -1.068712 0.681458 -1.240149 1.423131 -0.450425 0.297758
 -1.601709 -0.421679 -0.385475 0.705121 0.041077 -0.447180 -0.213814 -0.200593 -0.241218
 -1.700795 0.127484 0.290570 0.525037 -0.000017 -0.797583 -0.579450 -0.107607 0.121927
 -0.915502 1.473288 0.534747 0.646748 -0.034433 0.416025 0.284617 -0.035410 -0.151961
 -0.513184 -0.682458 1.036200 2.105909 -0.366429 0.287900 1.182778 0.743803 0.237507
 -0.538836 -0.599706 -0.211148 -2.031785 0.427919 -0.449916 -0.465884 -0.353334 -0.161458
 0.671290 0.014953 0.025524 0.164094 -0.166221 0.057247 -0.438415 -0.710078 0.320454
 2.946729 -0.379364 0.163639 -2.404813 0.180260 -1.211847 2.227036 -1.510257 0.977544
 -1.160887 -0.755504 1.201641 0.293863 -0.500532 -0.133450 -0.370959 0.046348 0.004834
 0.385536 0.260094 -0.783187 -1.264184 -0.162132 0.614895 -0.667680 0.526794 0.155129
 2.258780 1.495833 -0.056903 -1.120542 -0.040788 0.733446 -0.317832 0.567985 -0.340692
 0.369196 -0.243687 -0.381521 -1.711904 0.558207 1.233869 0.402733 -0.118000 -0.357010
 2.616924 -0.836538 -1.094947 0.981628 -0.122474 -0.380019 1.291131 -0.104153 0.380726
 12.426245 2.061751 0.209773 3.425502 -1.683150 -5.583280 -0.807889 -1.184582 -2.949426
 4.132768 0.789725 0.278112 -1.166168 -1.492668 -1.598592 0.365721 1.210011 0.309549
 -0.780953 0.131434 0.767191 0.796962 1.011697 0.487693 -0.699010 -0.076604 -0.095378
 1.382180 -0.342472 0.398680 -0.310217 -0.206151 -0.259838 1.393583 -0.644832 -0.076041
 3.019501 -0.884320 1.295290 -3.712374 0.898912 -1.157253 -0.477797 1.627916 0.168120
 3.246731 -1.474939 2.237408 0.257328 -0.596253 0.768322 -1.372663 0.138305 0.527705
 -0.268389 -1.392763 -2.299920 0.635386 0.518591 0.215762 1.311182 0.152261 0.022937
 -0.971996 -1.893766 -1.087886 -0.046647 -2.782269 0.130152 -0.074622 0.049399 -0.008360
 0.908428 -0.944808 -1.726152 -0.309385 -1.177544 0.153420 -0.298068 -1.005337 0.086783
 -0.920409 -0.323862 1.617859 -0.233449 -0.211565 0.696710 -0.557954 -0.371459 -0.226881
 1.078034 1.071748 -1.199058 0.409068 0.274724 0.138154 -0.041841 -0.343354 0.814833
 0.431749 -0.048105 0.066352 -0.754492 0.128476 -1.140353 0.083633 0.038160 -0.301385
 1.356901 -1.551059 -2.130095 0.883258 0.010444 1.084421 0.188895 0.248746 -0.140730
 -2.060540 -0.113702 0.029208 -0.789570 -0.501473 -0.893383 -0.349174 -0.745644 0.109627
 0.308980 -2.469091 3.280897 -1.525551 -0.182443 -0.853901 -0.658806 -0.082282 0.177342
 -1.137343 -1.572976 -0.334247 0.837376 -0.707834 -0.109644 0.479459 -0.097341 -0.155436
 -1.582996 0.255800 0.873284 -0.166236 0.260270 0.219164 -0.895185 -0.947464 0.096586
 -2.734254 -1.381413 1.877663 0.863078 0.591946 -1.855073 -0.104911 -1.010861 0.364845
 -0.066553 0.632435 0.423741 -0.755616 0.175974 0.824960 -0.237610 0.323674 0.207244
 -0.323761 -0.922236 -0.657703 0.662660 -1.125635 0.358306 1.031689 0.205732 -0.194740
 -1.050849 0.090760 0.935496 0.613977 0.228338 -1.103499 0.126727 0.581898 0.243171
 4.765366 3.073291 -0.340378 -0.368190 -1.241219 -0.501949 0.624877 -1.128795 0.432697
 1.247352 -0.611021 -0.715696 0.144731 -0.117643 0.199638 0.285248 -0.018107 0.095681
 -2.328380 0.273394 0.298998 0.913862 -1.253487 -0.922803 0.359685 0.700851 0.118149
 2.693923 2.455909 -0.045184 -0.570282 -0.023101 0.100897 0.642961 -0.914613 0.131075
 -0.851107 1.052981 -0.503100 -1.011080 0.020244 0.766035 0.534675 0.250231 -0.136199
 0.589016 -0.526398 -0.761238 0.033983 1.470820 0.771912 0.962834 -0.462107 -0.163009
 2.467508 0.201562 1.223472 0.617484 -0.695278 1.823349 0.385721 0.646261 -0.095287
 -0.934516 -0.795787 -1.607018 -2.885531 -0.167964 -0.149149 0.165845 -0.448674 -0.152075
 -0.576270 -0.428103 -0.746350 -1.439687 0.573955 0.349355 -0.317229 0.064424 -0.341057
 2.202163 1.528127 -0.067139 -0.421160 -0.111211 0.929481 0.737437 0.188753 0.225392
 -0.620540 0.048165 1.452509 0.526746 2.519144 0.098053 0.918649 0.390658 -0.502530
 -1.179267 -0.097157 0.148314 1.026547 -0.358384 -0.060674 0.219669 0.484987 -0.143019
 -0.522795 -0.042210 0.503801 0.445352 0.269339 -0.209028 0.420340 0.905010 0.159126
 2.617908 1.574533 -0.572205 -0.625968 -0.718751 0.990707 -0.439701 -0.925669 1.022494
 -0.738746 0.583632 0.485748 -1.179134 -0.254273 0.343665 0.486269 -0.619255 0.130060
 -0.279811 -0.693218 1.478910 0.892308 1.070178 0.910663 -0.586497 -0.137402 -0.190970
 0.984608 -1.225599 0.142748 0.246200 1.495931 0.527283 -1.398461 0.910205 -0.157189
 -1.676411 -1.614492 1.597002 0.682490 0.502505 -0.685096 -2.226404 -0.763899 0.076824
 1.789638 0.584552 -0.297508 0.432090 0.121726 0.458778 -0.819349 -0.579284 0.497277
 0.935861 -0.636966 0.918304 0.676404 -1.022512 -1.022779 0.119304 0.620360 0.559910
 -0.446353 -0.227694 0.896156 -0.085225 0.011828 0.367654 0.196667 -0.644922 0.185229
 -0.707367 0.191420 -0.847197 -0.340592 1.613987 -2.336945 -1.237984 -0.508898 1.758897
 2.037261 0.986386 -0.960990 -0.797606 0.150679 0.912647 1.125846 -0.369837 -0.257232
 -1.294896 0.348909 0.088505 0.531703 -0.781984 -0.578803 -0.126425 0.908237 0.217485
 1.021281 -0.665221 0.218942 0.672182 0.025075 0.339898 -0.157633 0.656173 -0.233269
 -0.746578 0.426363 0.878804 0.956906 0.018923 -0.214679 0.892347 0.720945 0.144440
 -1.933761 0.842903 -1.559430 0.028478 2.065653 -1.202390 -0.451948 0.022868 -0.219672
 -1.632658 0.068792 -0.852940 -0.111502 -0.882448 0.187532 0.553594 -0.132385 -0.387697
 3.007571 1.605087 -1.142729 0.628362 -0.309846 1.034079 0.138543 -0.274430 0.158882
 0.227148 0.874907 1.534559 0.113001 -0.405129 1.812644 0.540655 0.593792 -0.101866
 0.332025 -0.793838 0.855088 -1.811990 0.668036 -0.314214 -0.033786 -0.420899 -0.039140
 1.081572 -2.873631 2.407948 -0.693526 0.613387 0.722559 -0.199555 0.410042 -0.117158
 1.460431 -1.086770 0.715819 1.441609 2.294948 -0.342234 0.120506 -0.470601 0.185879
 -1.368365 -1.063324 -1.588930 -0.600018 -1.080283 -0.074707 -0.256166 -0.694887 -0.364115
 0.334340 0.170276 -2.027589 0.363256 -0.270792 0.107839 -0.509712 -0.188656 -0.069041
 3.671533 -1.403586 2.584993 -0.757812 0.387722 0.320421 -0.219384 -0.189532 0.076498
 7.391401 -1.227008 1.691744 -0.405878 0.754015 1.239069 0.066904 0.338759 0.116075
 2.941029 -1.906000 1.425521 -2.119846 -0.348171 0.083004 -1.657348 0.055543 0.184996
 2.217331 -2.391492 2.241735 -1.177185 1.097542 1.346400 -0.543315 0.592854 -0.356693
 1.339693 -1.254849 2.421255 -1.183734 -0.059081 0.504168 -1.471251 0.551816 -0.168839
 0.837392 -1.331325 1.613342 -1.331939 -0.010529 -0.048259 -0.054012 0.413123 -0.129972
 -0.220045 -1.673993 -1.742907 -0.760840 0.816882 -0.463516 0.161011 -0.124125 0.148446
 0.449565 -1.109861 -0.383634 2.081594 -0.111941 0.417469 -0.709925 0.039751 0.305974
 -0.800027 1.696474 0.434452 -1.017135 -0.009272 0.605968 0.601251 -0.596033 -0.025477
 3.984144 -1.587278 1.443826 0.896252 1.372202 0.520781 0.766040 -1.557722 0.286955
 -2.018894 1.450653 1.161840 -0.890587 -0.308745 0.043865 0.895244 -0.035827 -0.063835
 -1.874359 0.509613 0.324929 -0.383187 0.872353 -0.622464 -0.278968 0.132590 -0.004382
 -2.006500 -0.531865 -0.469763 -0.152253 -1.397588 -0.343973 0.173367 -0.295655 -0.049767
 -0.020999 -0.079536 -1.128253 0.244413 -0.879329 0.111495 -0.306733 -0.421251 0.252338
 -1.428176 0.906449 -0.392893 0.623998 0.594747 -0.381520 -0.211833 0.217888 0.029753
 -1.050512 1.155212 -1.282097 0.312840 1.823250 -0.223941 -1.198804 0.339442 0.267138
 -0.173952 0.521014 -0.144420 1.032243 0.089350 0.894362 -0.220233 -0.335951 -0.181691
 -0.505244 0.572593 0.444205 0.686384 0.261031 0.747529 -0.632313 -0.195515 -0.474507
 0.871039 0.818383 -0.589730 0.595809 -0.239346 0.905542 -0.576562 0.304529 0.606812
 0.735080 1.380345 -1.241788 0.234297 -0.196439 1.650780 0.029449 0.996377 -0.603023
 -0.952243 -0.307378 -0.242306 0.142820 -0.182721 0.208708 0.057156 -0.604330 -0.176724
 3.446100 -1.088265 1.657398 -4.241356 0.479074 -1.611062 -1.015670 2.968074 0.136533
 -1.131627 1.124934 0.744701 -1.220692 -0.324461 0.397717 0.624319 0.328295 -0.340647
 -2.448179 0.801991 1.469396 -0.306738 0.107644 -0.638408 0.977737 -0.035198 -0.076923
 -0.618843 -1.847007 0.618686 1.135156 -0.438430 -0.153586 -1.206547 0.105257 -0.080335
 1.048284 1.176224 0.284738 0.641188 1.638878 1.348259 0.295416 -0.365379 -0.518365
 1.039322 -1.858408 2.018342 1.299357 0.692363 1.008893 1.059158 -0.999532 -0.438181
 -0.194763 -0.339251 -1.299524 0.643824 0.563262 0.458189 -0.433332 0.455147 -0.395224
 1.496375 -0.934325 -2.110887 0.782988 0.088828 0.655690 0.539776 -0.184457 -0.231817
 -1.496721 1.229705 0.567474 0.060972 -0.158494 0.624790 0.584665 -0.279717 -0.357475
 -2.224217 0.969988 -0.134526 -0.039645 -0.859065 -0.037517 0.273632 0.320660 -0.214482
 0.504344 0.852377 0.245984 0.826522 0.368909 0.048158 -0.104405 0.101204 0.209284
 -0.423724 0.558238 -0.462568 0.449541 -0.146173 0.385430 -0.868764 -0.016430 0.192922
 1.466178 0.308562 0.087623 -0.768818 -0.789252 0.907742 -0.044198 0.639995 -0.301642
 1.201632 -1.508005 -0.105471 0.833860 0.062734 0.061738 0.626276 -0.220378 -0.049397
 0.243701 -0.962490 -0.876022 -0.085744 -0.417979 -0.576830 -0.052918 -0.877678 0.215375
 -1.388784 0.098922 -0.042696 1.148997 0.055702 -0.330371 -1.037966 0.047041 0.030548
 -0.785315 0.325191 -1.673946 -1.424525 -1.435590 0.815624 -0.135704 -0.067520 -0.154668
 -1.109753 0.833146 0.196984 -0.540307 0.758194 0.867319 0.138168 -0.671642 -0.369402
 0.373557 -1.253891 1.847051 -0.643884 -0.681422 0.268898 -1.068483 -0.498763 0.037060
 -0.922540 -0.721964 2.357922 -0.040186 -0.128615 0.077923 -0.886714 -0.404632 -0.126773
 -1.609867 -1.139187 -2.276690 -0.527756 -0.541752 -0.630868 0.208525 0.115525 -0.146904
 -0.459364 -0.073905 0.559174 0.546976 -0.675463 0.396759 -0.222001 0.048409 -0.069049
 -1.121698 -2.163674 0.507352 1.026705 0.596678 -0.615495 0.332038 -0.180548 -0.005445
 -1.282514 -0.120954 -1.407305 0.170772 -0.886546 -0.119111 0.298989 0.203597 -0.152055
 6.186467 2.264879 -0.375492 -0.656880 -0.692699 -0.414074 -1.420879 0.201398 -0.747845
 -0.724988 0.254221 0.312883 -1.537463 -0.836309 -0.161473 0.057018 0.591751 0.317112
 -0.999467 1.035839 -0.339824 0.115212 0.865934 -0.702243 0.803189 0.702165 -0.223211
 -1.775716 1.232630 -0.333199 -0.065287 1.387934 -0.807821 0.428406 0.559280 0.030875
 2.202578 -2.494211 -2.067253 0.088101 0.095630 1.542036 1.145756 0.694663 -0.501352
 -1.823472 1.276558 0.631332 -1.055725 0.003645 0.024116 0.759834 -0.434866 -0.054007
 -0.297222 0.048505 -0.874791 0.125492 -0.726085 0.289952 0.160665 0.113118 -0.273434
 -1.340333 -0.651882 -1.344583 -0.098037 -1.144667 -0.205106 0.003489 -0.051369 -0.026254
 -1.886648 1.855009 1.485178 -0.324221 -0.107521 0.017681 0.079569 0.429744 0.064967
 0.861239 0.090757 -0.377392 -0.194924 -0.651878 0.602036 0.240476 -0.309127 -0.095081
 -0.009016 -0.863621 -0.021961 0.853275 -0.689665 0.272323 1.422519 0.221996 0.336564
 -0.140984 1.642142 0.230887 -1.224199 -0.670711 0.348115 0.159055 0.309008 0.400504
 -1.132622 -0.739833 0.319326 1.115427 0.099816 0.027810 0.257803 -0.062502 -0.144835
 -1.708200 0.904931 0.657988 -1.340777 -0.311793 -0.344882 0.170876 0.136739 -0.165862
 -0.765311 1.075320 0.962158 0.435828 -0.575757 0.027064 0.403151 0.390747 -0.057641
 -1.725959 -0.730347 1.076101 0.551423 -1.017898 -0.306285 -0.586162 0.571341 -0.087884
